0.027290 0.000000 7.070000 0.000000 0.469000 7.185000 61.100000 4.967100 2.000000 17.800000 4.030000 242.000000 392.830000 4.030000 
0.029850 0.000000 2.180000 0.000000 0.458000 6.430000 58.700000 6.062200 3.000000 18.700000 5.210000 222.000000 394.120000 5.210000 
0.211240 12.500000 7.870000 0.000000 0.524000 5.631000 100.000000 6.082100 5.000000 15.200000 29.930000 311.000000 386.630000 29.930000 
0.117470 12.500000 7.870000 0.000000 0.524000 6.009000 82.900000 6.226700 5.000000 15.200000 13.270000 311.000000 396.900000 13.270000 
0.637960 0.000000 8.140000 0.000000 0.538000 6.096000 84.500000 4.461900 4.000000 21.000000 10.260000 307.000000 380.020000 10.260000 
0.784200 0.000000 8.140000 0.000000 0.538000 5.990000 81.700000 4.257900 4.000000 21.000000 14.670000 307.000000 386.750000 14.670000 
1.251790 0.000000 8.140000 0.000000 0.538000 5.570000 98.100000 3.797900 4.000000 21.000000 21.020000 307.000000 376.570000 21.020000 
0.988430 0.000000 8.140000 0.000000 0.538000 5.813000 100.000000 4.095200 4.000000 21.000000 19.880000 307.000000 394.540000 19.880000 
0.671910 0.000000 8.140000 0.000000 0.538000 5.813000 90.300000 4.682000 4.000000 21.000000 14.810000 307.000000 376.880000 14.810000 
1.002450 0.000000 8.140000 0.000000 0.538000 6.674000 87.300000 4.239000 4.000000 21.000000 11.980000 307.000000 380.230000 11.980000 
1.387990 0.000000 8.140000 0.000000 0.538000 5.950000 82.000000 3.990000 4.000000 21.000000 27.710000 307.000000 232.600000 27.710000 
0.064170 0.000000 5.960000 0.000000 0.499000 5.933000 68.200000 3.360300 5.000000 19.200000 9.680000 279.000000 396.900000 9.680000 
0.175050 0.000000 5.960000 0.000000 0.499000 5.966000 30.200000 3.847300 5.000000 19.200000 10.130000 279.000000 393.430000 10.130000 
0.127440 0.000000 6.910000 0.000000 0.448000 6.770000 2.900000 5.720900 3.000000 17.900000 4.840000 233.000000 385.410000 4.840000 
0.122690 0.000000 6.910000 0.000000 0.448000 6.069000 40.000000 5.720900 3.000000 17.900000 9.550000 233.000000 389.390000 9.550000 
0.229270 0.000000 6.910000 0.000000 0.448000 6.030000 85.500000 5.689400 3.000000 17.900000 18.800000 233.000000 392.740000 18.800000 
0.088730 21.000000 5.640000 0.000000 0.439000 5.963000 45.700000 6.814700 4.000000 16.800000 13.450000 243.000000 395.560000 13.450000 
0.049810 21.000000 5.640000 0.000000 0.439000 5.998000 21.400000 6.814700 4.000000 16.800000 8.430000 243.000000 396.900000 8.430000 
0.020550 85.000000 0.740000 0.000000 0.410000 6.383000 35.700000 9.187600 2.000000 17.300000 5.770000 313.000000 396.900000 5.770000 
0.103280 25.000000 5.130000 0.000000 0.453000 5.927000 47.200000 6.932000 8.000000 19.700000 9.220000 284.000000 396.900000 9.220000 
0.110270 25.000000 5.130000 0.000000 0.453000 6.456000 67.800000 7.225500 8.000000 19.700000 6.730000 284.000000 396.900000 6.730000 
0.035840 80.000000 3.370000 0.000000 0.398000 6.290000 17.800000 6.611500 4.000000 16.100000 4.670000 337.000000 396.900000 4.670000 
0.135540 12.500000 6.070000 0.000000 0.409000 5.594000 36.800000 6.498000 4.000000 18.900000 13.090000 345.000000 396.900000 13.090000 
0.158760 0.000000 10.810000 0.000000 0.413000 5.961000 17.500000 5.287300 4.000000 19.200000 9.880000 305.000000 376.940000 9.880000 
0.078960 0.000000 12.830000 0.000000 0.437000 6.273000 6.000000 4.251500 5.000000 18.700000 6.780000 398.000000 394.920000 6.780000 
0.087070 0.000000 12.830000 0.000000 0.437000 6.140000 45.800000 4.090500 5.000000 18.700000 10.270000 398.000000 386.960000 10.270000 
0.041130 25.000000 4.860000 0.000000 0.426000 6.727000 33.500000 5.400700 4.000000 19.000000 5.290000 281.000000 396.900000 5.290000 
0.035510 25.000000 4.860000 0.000000 0.426000 6.167000 46.700000 5.400700 4.000000 19.000000 7.510000 281.000000 390.640000 7.510000 
0.051880 0.000000 4.490000 0.000000 0.449000 6.015000 45.100000 4.427200 3.000000 18.500000 12.860000 247.000000 395.990000 12.860000 
0.053020 0.000000 3.410000 0.000000 0.489000 7.079000 63.100000 3.414500 2.000000 17.800000 5.700000 270.000000 396.060000 5.700000 
0.042030 28.000000 15.040000 0.000000 0.464000 6.442000 53.600000 3.665900 4.000000 18.200000 8.160000 270.000000 395.010000 8.160000 
0.122040 0.000000 2.890000 0.000000 0.445000 6.625000 57.800000 3.495200 2.000000 18.000000 6.650000 276.000000 357.980000 6.650000 
0.081870 0.000000 2.890000 0.000000 0.445000 7.820000 36.900000 3.495200 2.000000 18.000000 3.570000 276.000000 393.530000 3.570000 
0.114320 0.000000 8.560000 0.000000 0.520000 6.781000 71.300000 2.856100 5.000000 20.900000 7.670000 384.000000 395.580000 7.670000 
0.139600 0.000000 8.560000 0.000000 0.520000 6.167000 90.000000 2.421000 5.000000 20.900000 12.330000 384.000000 392.690000 12.330000 
0.131170 0.000000 8.560000 0.000000 0.520000 6.127000 85.200000 2.122400 5.000000 20.900000 14.090000 384.000000 387.690000 14.090000 
0.107930 0.000000 8.560000 0.000000 0.520000 6.195000 54.400000 2.777800 5.000000 20.900000 13.000000 384.000000 393.490000 13.000000 
0.222120 0.000000 10.010000 0.000000 0.547000 6.092000 95.400000 2.548000 6.000000 17.800000 17.090000 432.000000 396.900000 17.090000 
0.131580 0.000000 10.010000 0.000000 0.547000 6.176000 72.500000 2.730100 6.000000 17.800000 12.040000 432.000000 393.300000 12.040000 
0.144760 0.000000 10.010000 0.000000 0.547000 5.731000 65.200000 2.759200 6.000000 17.800000 13.610000 432.000000 391.500000 13.610000 
0.092990 0.000000 25.650000 0.000000 0.581000 5.961000 92.900000 2.086900 2.000000 19.100000 17.930000 188.000000 378.090000 17.930000 
0.169020 0.000000 25.650000 0.000000 0.581000 5.986000 88.400000 1.992900 2.000000 19.100000 14.810000 188.000000 385.020000 14.810000 
0.325430 0.000000 21.890000 0.000000 0.624000 6.431000 98.800000 1.812500 4.000000 21.200000 15.390000 437.000000 396.900000 15.390000 
1.192940 0.000000 21.890000 0.000000 0.624000 6.326000 97.700000 2.271000 4.000000 21.200000 12.260000 437.000000 396.900000 12.260000 
0.976170 0.000000 21.890000 0.000000 0.624000 5.757000 98.400000 2.346000 4.000000 21.200000 17.310000 437.000000 262.760000 17.310000 
0.352330 0.000000 21.890000 0.000000 0.624000 6.454000 98.400000 1.849800 4.000000 21.200000 14.590000 437.000000 394.080000 14.590000 
0.290900 0.000000 21.890000 0.000000 0.624000 6.174000 93.600000 1.611900 4.000000 21.200000 24.160000 437.000000 388.080000 24.160000 
4.097400 0.000000 19.580000 0.000000 0.871000 5.468000 100.000000 1.411800 5.000000 14.700000 26.420000 403.000000 396.900000 26.420000 
2.155050 0.000000 19.580000 0.000000 0.871000 5.628000 100.000000 1.516600 5.000000 14.700000 16.650000 403.000000 169.270000 16.650000 
2.733970 0.000000 19.580000 0.000000 0.871000 5.597000 94.900000 1.525700 5.000000 14.700000 21.450000 403.000000 351.850000 21.450000 
1.126580 0.000000 19.580000 1.000000 0.871000 5.012000 88.000000 1.610200 5.000000 14.700000 12.120000 403.000000 343.280000 12.120000 
3.535010 0.000000 19.580000 1.000000 0.871000 6.152000 82.600000 1.745500 5.000000 14.700000 15.020000 403.000000 88.010000 15.020000 
1.342840 0.000000 19.580000 0.000000 0.605000 6.066000 100.000000 1.757300 5.000000 14.700000 6.430000 403.000000 353.890000 6.430000 
1.463360 0.000000 19.580000 0.000000 0.605000 7.489000 90.800000 1.970900 5.000000 14.700000 1.730000 403.000000 374.430000 1.730000 
2.242360 0.000000 19.580000 0.000000 0.605000 5.854000 91.800000 2.422000 5.000000 14.700000 11.640000 403.000000 395.110000 11.640000 
1.800280 0.000000 19.580000 0.000000 0.605000 5.877000 79.200000 2.425900 5.000000 14.700000 12.140000 403.000000 227.610000 12.140000 
1.207420 0.000000 19.580000 0.000000 0.605000 5.875000 94.600000 2.425900 5.000000 14.700000 14.430000 403.000000 292.290000 14.430000 
0.091780 0.000000 4.050000 0.000000 0.510000 6.416000 84.100000 2.646300 5.000000 16.600000 9.040000 296.000000 395.500000 9.040000 
0.070220 0.000000 4.050000 0.000000 0.510000 6.020000 47.200000 3.554900 5.000000 16.600000 10.110000 296.000000 393.230000 10.110000 
0.057800 0.000000 2.460000 0.000000 0.488000 6.980000 58.400000 2.829000 3.000000 17.800000 5.040000 193.000000 396.900000 5.040000 
0.091030 0.000000 2.460000 0.000000 0.488000 7.155000 92.200000 2.700600 3.000000 17.800000 4.820000 193.000000 394.120000 4.820000 
0.060470 0.000000 2.460000 0.000000 0.488000 6.153000 68.800000 3.279700 3.000000 17.800000 13.150000 193.000000 387.110000 13.150000 
0.125790 45.000000 3.440000 0.000000 0.437000 6.556000 29.100000 4.566700 5.000000 15.200000 4.560000 398.000000 382.840000 4.560000 
0.069110 45.000000 3.440000 0.000000 0.437000 6.739000 30.800000 6.479800 5.000000 15.200000 4.690000 398.000000 389.710000 4.690000 
0.014390 60.000000 2.930000 0.000000 0.401000 6.604000 18.800000 6.219600 1.000000 15.600000 4.380000 265.000000 376.700000 4.380000 
0.046660 80.000000 1.520000 0.000000 0.404000 7.107000 36.600000 7.309000 2.000000 12.600000 8.610000 329.000000 354.310000 8.610000 
0.017780 95.000000 1.470000 0.000000 0.403000 7.135000 13.900000 7.653400 3.000000 17.000000 4.450000 402.000000 384.300000 4.450000 
0.035100 95.000000 2.680000 0.000000 0.416100 7.853000 33.200000 5.118000 4.000000 14.700000 3.810000 224.000000 392.780000 3.810000 
0.229690 0.000000 10.590000 0.000000 0.489000 6.326000 52.500000 4.354900 4.000000 18.600000 10.970000 277.000000 394.870000 10.970000 
0.435710 0.000000 10.590000 1.000000 0.489000 5.344000 100.000000 3.875000 4.000000 18.600000 23.090000 277.000000 396.900000 23.090000 
0.217190 0.000000 10.590000 1.000000 0.489000 5.807000 53.800000 3.652600 4.000000 18.600000 16.030000 277.000000 390.940000 16.030000 
0.198020 0.000000 10.590000 0.000000 0.489000 6.182000 42.400000 3.945400 4.000000 18.600000 9.470000 277.000000 393.630000 9.470000 
0.110690 0.000000 13.890000 1.000000 0.550000 5.951000 93.800000 2.889300 5.000000 16.400000 17.920000 276.000000 396.900000 17.920000 
0.407710 0.000000 6.200000 1.000000 0.507000 6.164000 91.300000 3.048000 8.000000 17.400000 21.460000 307.000000 395.240000 21.460000 
0.315330 0.000000 6.200000 0.000000 0.504000 8.266000 78.300000 2.894400 8.000000 17.400000 4.140000 307.000000 385.050000 4.140000 
0.412380 0.000000 6.200000 0.000000 0.504000 7.163000 79.900000 3.215700 8.000000 17.400000 6.360000 307.000000 372.080000 6.360000 
0.537000 0.000000 6.200000 0.000000 0.504000 5.981000 68.100000 3.671500 8.000000 17.400000 11.650000 307.000000 378.350000 11.650000 
0.331470 0.000000 6.200000 0.000000 0.507000 8.247000 70.400000 3.651900 8.000000 17.400000 3.950000 307.000000 378.950000 3.950000 
0.520580 0.000000 6.200000 1.000000 0.507000 6.631000 76.500000 4.148000 8.000000 17.400000 9.540000 307.000000 388.450000 9.540000 
0.092520 30.000000 4.930000 0.000000 0.428000 6.606000 42.200000 6.189900 6.000000 16.600000 7.370000 300.000000 383.780000 7.370000 
0.102900 30.000000 4.930000 0.000000 0.428000 6.358000 52.900000 7.035500 6.000000 16.600000 11.220000 300.000000 372.750000 11.220000 
0.191330 22.000000 5.860000 0.000000 0.431000 5.605000 70.200000 7.954900 7.000000 19.100000 18.460000 330.000000 389.130000 18.460000 
0.164390 22.000000 5.860000 0.000000 0.431000 6.433000 49.100000 7.826500 7.000000 19.100000 9.520000 330.000000 374.710000 9.520000 
0.214090 22.000000 5.860000 0.000000 0.431000 6.438000 8.900000 7.396700 7.000000 19.100000 3.590000 330.000000 377.070000 3.590000 
0.048190 80.000000 3.640000 0.000000 0.392000 6.108000 32.000000 9.220300 1.000000 16.400000 6.570000 315.000000 392.890000 6.570000 
0.611540 20.000000 3.970000 0.000000 0.647000 8.704000 86.900000 1.801000 5.000000 13.000000 5.120000 264.000000 389.700000 5.120000 
0.540110 20.000000 3.970000 0.000000 0.647000 7.203000 81.800000 2.112100 5.000000 13.000000 9.590000 264.000000 392.800000 9.590000 
0.825260 20.000000 3.970000 0.000000 0.647000 7.327000 94.500000 2.078800 5.000000 13.000000 11.250000 264.000000 393.420000 11.250000 
0.785700 20.000000 3.970000 0.000000 0.647000 7.014000 84.600000 2.132900 5.000000 13.000000 14.790000 264.000000 384.070000 14.790000 
0.090650 20.000000 6.960000 1.000000 0.464000 5.920000 61.500000 3.917500 3.000000 18.600000 13.650000 223.000000 391.340000 13.650000 
0.114600 20.000000 6.960000 0.000000 0.464000 6.538000 58.700000 3.917500 3.000000 18.600000 7.730000 223.000000 394.960000 7.730000 
0.096040 40.000000 6.410000 0.000000 0.447000 6.854000 42.800000 4.267300 4.000000 17.600000 2.980000 254.000000 396.900000 2.980000 
0.079780 40.000000 6.410000 0.000000 0.447000 6.482000 32.100000 4.140300 4.000000 17.600000 7.190000 254.000000 396.900000 7.190000 
0.037050 20.000000 3.330000 0.000000 0.442900 6.968000 37.200000 5.244700 5.000000 14.900000 4.590000 216.000000 392.230000 4.590000 
0.009060 90.000000 2.970000 0.000000 0.400000 7.088000 20.800000 7.307300 1.000000 15.300000 7.850000 285.000000 394.720000 7.850000 
0.038710 52.500000 5.320000 0.000000 0.405000 6.209000 31.300000 7.317200 6.000000 16.600000 7.140000 293.000000 396.900000 7.140000 
0.035020 80.000000 4.950000 0.000000 0.411000 6.861000 27.900000 5.116700 4.000000 19.200000 3.330000 245.000000 396.900000 3.330000 
0.082650 0.000000 13.920000 0.000000 0.437000 6.127000 18.400000 5.502700 4.000000 16.000000 8.580000 289.000000 396.900000 8.580000 
0.053720 0.000000 13.920000 0.000000 0.437000 6.549000 51.000000 5.960400 4.000000 16.000000 7.390000 289.000000 392.850000 7.390000 
0.055610 70.000000 2.240000 0.000000 0.400000 7.041000 10.000000 7.827800 5.000000 14.800000 4.740000 358.000000 371.580000 4.740000 
0.092660 34.000000 6.090000 0.000000 0.433000 6.495000 18.400000 5.491700 7.000000 16.100000 8.670000 329.000000 383.610000 8.670000 
0.054790 33.000000 2.180000 0.000000 0.472000 6.616000 58.100000 3.370000 7.000000 18.400000 8.930000 222.000000 393.360000 8.930000 
0.492980 0.000000 9.900000 0.000000 0.544000 6.635000 82.500000 3.317500 4.000000 18.400000 4.540000 304.000000 396.900000 4.540000 
0.790410 0.000000 9.900000 0.000000 0.544000 6.122000 52.800000 2.640300 4.000000 18.400000 5.980000 304.000000 396.900000 5.980000 
0.369200 0.000000 9.900000 0.000000 0.544000 6.567000 87.300000 3.602300 4.000000 18.400000 9.280000 304.000000 395.690000 9.280000 
0.245220 0.000000 9.900000 0.000000 0.544000 5.782000 71.700000 4.031700 4.000000 18.400000 15.940000 304.000000 396.900000 15.940000 
0.167600 0.000000 7.380000 0.000000 0.493000 6.426000 52.300000 4.540400 5.000000 19.600000 7.200000 287.000000 396.900000 7.200000 
0.283920 0.000000 7.380000 0.000000 0.493000 5.708000 74.300000 4.721100 5.000000 19.600000 11.740000 287.000000 391.130000 11.740000 
0.303470 0.000000 7.380000 0.000000 0.493000 6.312000 28.900000 5.415900 5.000000 19.600000 6.150000 287.000000 396.900000 6.150000 
0.067240 0.000000 3.240000 0.000000 0.460000 6.333000 17.200000 5.214600 4.000000 16.900000 7.340000 430.000000 375.210000 7.340000 
0.034660 35.000000 6.060000 0.000000 0.437900 6.031000 23.300000 6.640700 1.000000 16.900000 7.830000 304.000000 362.250000 7.830000 
0.039610 0.000000 5.190000 0.000000 0.515000 6.037000 34.500000 5.985300 5.000000 20.200000 8.010000 224.000000 396.900000 8.010000 
0.033060 0.000000 5.190000 0.000000 0.515000 6.059000 37.300000 4.812200 5.000000 20.200000 8.510000 224.000000 396.140000 8.510000 
0.013010 35.000000 1.520000 0.000000 0.442000 7.241000 49.300000 7.037900 1.000000 15.500000 5.490000 284.000000 394.740000 5.490000 
0.030490 55.000000 3.780000 0.000000 0.484000 6.874000 28.100000 6.465400 5.000000 17.600000 4.610000 370.000000 387.970000 4.610000 
0.018700 85.000000 4.150000 0.000000 0.429000 6.516000 27.700000 8.535300 4.000000 17.900000 6.360000 351.000000 392.430000 6.360000 
0.062110 40.000000 1.250000 0.000000 0.429000 6.490000 44.400000 8.792100 1.000000 19.700000 5.980000 335.000000 396.900000 5.980000 
0.017090 90.000000 2.020000 0.000000 0.410000 6.728000 36.100000 12.126500 5.000000 17.000000 4.500000 187.000000 384.460000 4.500000 
8.982960 0.000000 18.100000 1.000000 0.770000 6.212000 97.400000 2.122200 24.000000 20.200000 17.600000 666.000000 377.730000 17.600000 
4.261310 0.000000 18.100000 0.000000 0.770000 6.112000 81.300000 2.509100 24.000000 20.200000 12.670000 666.000000 390.740000 12.670000 
3.678220 0.000000 18.100000 0.000000 0.770000 5.362000 96.200000 2.103600 24.000000 20.200000 10.190000 666.000000 380.790000 10.190000 
4.555870 0.000000 18.100000 0.000000 0.718000 3.561000 87.900000 1.613200 24.000000 20.200000 7.120000 666.000000 354.700000 7.120000 
4.898220 0.000000 18.100000 0.000000 0.631000 4.970000 100.000000 1.332500 24.000000 20.200000 3.260000 666.000000 375.520000 3.260000 
9.232300 0.000000 18.100000 0.000000 0.631000 6.216000 100.000000 1.169100 24.000000 20.200000 9.530000 666.000000 366.150000 9.530000 
18.498200 0.000000 18.100000 0.000000 0.668000 4.138000 100.000000 1.137000 24.000000 20.200000 37.970000 666.000000 396.900000 37.970000 
9.823490 0.000000 18.100000 0.000000 0.671000 6.794000 98.800000 1.358000 24.000000 20.200000 21.240000 666.000000 396.900000 21.240000 
88.976200 0.000000 18.100000 0.000000 0.671000 6.968000 91.900000 1.416500 24.000000 20.200000 17.210000 666.000000 396.900000 17.210000 
7.992480 0.000000 18.100000 0.000000 0.700000 5.520000 100.000000 1.533100 24.000000 20.200000 24.560000 666.000000 396.900000 24.560000 
24.393800 0.000000 18.100000 0.000000 0.700000 4.652000 100.000000 1.467200 24.000000 20.200000 28.280000 666.000000 396.900000 28.280000 
8.151740 0.000000 18.100000 0.000000 0.700000 5.390000 98.900000 1.728100 24.000000 20.200000 20.850000 666.000000 396.900000 20.850000 
11.577900 0.000000 18.100000 0.000000 0.700000 5.036000 97.000000 1.770000 24.000000 20.200000 25.680000 666.000000 396.900000 25.680000 
8.716750 0.000000 18.100000 0.000000 0.693000 6.471000 98.800000 1.725700 24.000000 20.200000 17.120000 666.000000 391.980000 17.120000 
38.351800 0.000000 18.100000 0.000000 0.693000 5.453000 100.000000 1.489600 24.000000 20.200000 30.590000 666.000000 396.900000 30.590000 
14.236200 0.000000 18.100000 0.000000 0.693000 6.343000 100.000000 1.574100 24.000000 20.200000 20.320000 666.000000 396.900000 20.320000 
41.529200 0.000000 18.100000 0.000000 0.693000 5.531000 85.400000 1.607400 24.000000 20.200000 27.380000 666.000000 329.460000 27.380000 
11.951100 0.000000 18.100000 0.000000 0.659000 5.608000 100.000000 1.285200 24.000000 20.200000 12.130000 666.000000 332.090000 12.130000 
51.135800 0.000000 18.100000 0.000000 0.597000 5.757000 100.000000 1.413000 24.000000 20.200000 10.110000 666.000000 2.600000 10.110000 
28.655800 0.000000 18.100000 0.000000 0.597000 5.155000 100.000000 1.589400 24.000000 20.200000 20.080000 666.000000 210.970000 20.080000 
10.834200 0.000000 18.100000 0.000000 0.679000 6.782000 90.800000 1.819500 24.000000 20.200000 25.790000 666.000000 21.570000 25.790000 
11.812300 0.000000 18.100000 0.000000 0.718000 6.824000 76.500000 1.794000 24.000000 20.200000 22.740000 666.000000 48.450000 22.740000 
12.048200 0.000000 18.100000 0.000000 0.614000 5.648000 87.600000 1.951200 24.000000 20.200000 14.100000 666.000000 291.550000 14.100000 
15.860300 0.000000 18.100000 0.000000 0.679000 5.896000 95.400000 1.909600 24.000000 20.200000 24.390000 666.000000 7.680000 24.390000 
7.367110 0.000000 18.100000 0.000000 0.679000 6.193000 78.100000 1.935600 24.000000 20.200000 21.520000 666.000000 96.730000 21.520000 
10.062300 0.000000 18.100000 0.000000 0.584000 6.833000 94.300000 2.088200 24.000000 20.200000 19.690000 666.000000 81.330000 19.690000 
13.913400 0.000000 18.100000 0.000000 0.713000 6.208000 95.000000 2.222200 24.000000 20.200000 15.170000 666.000000 100.630000 15.170000 
15.177200 0.000000 18.100000 0.000000 0.740000 6.152000 100.000000 1.914200 24.000000 20.200000 26.450000 666.000000 9.320000 26.450000 
22.051100 0.000000 18.100000 0.000000 0.740000 5.818000 92.400000 1.866200 24.000000 20.200000 22.110000 666.000000 391.450000 22.110000 
9.966540 0.000000 18.100000 0.000000 0.740000 6.485000 100.000000 1.978400 24.000000 20.200000 18.850000 666.000000 386.730000 18.850000 
6.288070 0.000000 18.100000 0.000000 0.740000 6.341000 96.400000 2.072000 24.000000 20.200000 17.790000 666.000000 318.010000 17.790000 
7.526010 0.000000 18.100000 0.000000 0.713000 6.417000 98.300000 2.185000 24.000000 20.200000 19.310000 666.000000 304.210000 19.310000 
5.090170 0.000000 18.100000 0.000000 0.713000 6.297000 91.800000 2.368200 24.000000 20.200000 17.270000 666.000000 385.090000 17.270000 
4.752370 0.000000 18.100000 0.000000 0.713000 6.525000 86.500000 2.435800 24.000000 20.200000 18.130000 666.000000 50.920000 18.130000 
7.752230 0.000000 18.100000 0.000000 0.713000 6.301000 83.700000 2.783100 24.000000 20.200000 16.230000 666.000000 272.210000 16.230000 
3.693110 0.000000 18.100000 0.000000 0.713000 6.376000 88.400000 2.567100 24.000000 20.200000 14.650000 666.000000 391.430000 14.650000 
7.839320 0.000000 18.100000 0.000000 0.655000 6.209000 65.400000 2.963400 24.000000 20.200000 13.220000 666.000000 396.900000 13.220000 
4.422280 0.000000 18.100000 0.000000 0.584000 6.003000 94.500000 2.540300 24.000000 20.200000 21.320000 666.000000 331.290000 21.320000 
4.348790 0.000000 18.100000 0.000000 0.580000 6.167000 84.000000 3.033400 24.000000 20.200000 16.290000 666.000000 396.900000 16.290000 
4.646890 0.000000 18.100000 0.000000 0.614000 6.980000 67.600000 2.532900 24.000000 20.200000 11.660000 666.000000 374.680000 11.660000 
4.871410 0.000000 18.100000 0.000000 0.614000 6.484000 93.600000 2.305300 24.000000 20.200000 18.680000 666.000000 396.210000 18.680000 
14.333700 0.000000 18.100000 0.000000 0.614000 6.229000 88.000000 1.951200 24.000000 20.200000 13.110000 666.000000 383.320000 13.110000 
5.731160 0.000000 18.100000 0.000000 0.532000 7.061000 77.000000 3.410600 24.000000 20.200000 7.010000 666.000000 395.280000 7.010000 
3.673670 0.000000 18.100000 0.000000 0.583000 6.312000 51.900000 3.991700 24.000000 20.200000 10.580000 666.000000 388.620000 10.580000 
0.150860 0.000000 27.740000 0.000000 0.609000 5.454000 92.700000 1.820900 4.000000 20.100000 18.060000 711.000000 395.090000 18.060000 
0.105740 0.000000 27.740000 0.000000 0.609000 5.983000 98.800000 1.868100 4.000000 20.100000 18.070000 711.000000 390.110000 18.070000 
0.279570 0.000000 9.690000 0.000000 0.585000 5.926000 42.600000 2.381700 6.000000 19.200000 13.590000 391.000000 396.900000 13.590000 
0.268380 0.000000 9.690000 0.000000 0.585000 5.794000 70.600000 2.892700 6.000000 19.200000 14.100000 391.000000 396.900000 14.100000 
0.224380 0.000000 9.690000 0.000000 0.585000 6.027000 79.700000 2.498200 6.000000 19.200000 14.330000 391.000000 396.900000 14.330000 
0.060760 0.000000 11.930000 0.000000 0.573000 6.976000 91.000000 2.167500 1.000000 21.000000 5.640000 273.000000 396.900000 5.640000 